
 --------------- 
Iterace: 1 
 ---------------
Těžiště: [[-3, 4, 1], [-4, -1, -3], [0, -1, -6]]
Vzdálenosti jednotlivých bodů od těžiště ([bod]- [těžiště]:vzdálenost,[[těžiště]:vzdálenost]],...):
[0, -1, -2]   - [-3, 4, 1] : 6.557  [-4, -1, -3] : 4.123  [0, -1, -6] : 4.000  
[-3, -1, -3]  - [-3, 4, 1] : 6.403  [-4, -1, -3] : 1.000  [0, -1, -6] : 4.243  
[1, -3, 2]    - [-3, 4, 1] : 8.124  [-4, -1, -3] : 7.348  [0, -1, -6] : 8.307  
[-2, -2, 2]   - [-3, 4, 1] : 6.164  [-4, -1, -3] : 5.477  [0, -1, -6] : 8.307  
[1, 2, -4]    - [-3, 4, 1] : 6.708  [-4, -1, -3] : 5.916  [0, -1, -6] : 3.742  
[0, -4, 3]    - [-3, 4, 1] : 8.775  [-4, -1, -3] : 7.810  [0, -1, -6] : 9.487  
[1, 0, -3]    - [-3, 4, 1] : 6.928  [-4, -1, -3] : 5.099  [0, -1, -6] : 3.317  
[-3, 0, 0]    - [-3, 4, 1] : 4.123  [-4, -1, -3] : 3.317  [0, -1, -6] : 6.782  
[-2, 2, -4]   - [-3, 4, 1] : 5.477  [-4, -1, -3] : 3.742  [0, -1, -6] : 4.123  
[-2, 4, 3]    - [-3, 4, 1] : 2.236  [-4, -1, -3] : 8.062  [0, -1, -6] : 10.488  
[3, -2, 4]    - [-3, 4, 1] : 9.000  [-4, -1, -3] : 9.950  [0, -1, -6] : 10.488  
[2, -5, -4]   - [-3, 4, 1] : 11.446  [-4, -1, -3] : 7.280  [0, -1, -6] : 4.899  
shluk 1 : [[-2, 4, 3], [3, -2, 4]]
shluk 2 : [[-3, -1, -3], [1, -3, 2], [-2, -2, 2], [0, -4, 3], [-3, 0, 0], [-2, 2, -4]]
shluk 3 : [[0, -1, -2], [1, 2, -4], [1, 0, -3], [2, -5, -4]]

 --------------- 
Iterace: 2 
 ---------------
Těžiště: [[0.500, 1.000, 3.500], [-1.500, -1.333, 0.000], [1.000, -1.000, -3.250]]
Vzdálenosti jednotlivých bodů od těžiště ([bod]- [těžiště]:vzdálenost,[[těžiště]:vzdálenost]],...):
[0, -1, -2]   - [0.500, 1.000, 3.500] : 5.874  [-1.500, -1.333, 0.000] : 2.522  [1.000, -1.000, -3.250] : 1.601  
[-3, -1, -3]  - [0.500, 1.000, 3.500] : 7.649  [-1.500, -1.333, 0.000] : 3.371  [1.000, -1.000, -3.250] : 4.008  
[1, -3, 2]    - [0.500, 1.000, 3.500] : 4.301  [-1.500, -1.333, 0.000] : 3.609  [1.000, -1.000, -3.250] : 5.618  
[-2, -2, 2]   - [0.500, 1.000, 3.500] : 4.183  [-1.500, -1.333, 0.000] : 2.167  [1.000, -1.000, -3.250] : 6.129  
[1, 2, -4]    - [0.500, 1.000, 3.500] : 7.583  [-1.500, -1.333, 0.000] : 5.776  [1.000, -1.000, -3.250] : 3.092  
[0, -4, 3]    - [0.500, 1.000, 3.500] : 5.050  [-1.500, -1.333, 0.000] : 4.285  [1.000, -1.000, -3.250] : 7.004  
[1, 0, -3]    - [0.500, 1.000, 3.500] : 6.595  [-1.500, -1.333, 0.000] : 4.126  [1.000, -1.000, -3.250] : 1.031  
[-3, 0, 0]    - [0.500, 1.000, 3.500] : 5.050  [-1.500, -1.333, 0.000] : 2.007  [1.000, -1.000, -3.250] : 5.250  
[-2, 2, -4]   - [0.500, 1.000, 3.500] : 7.969  [-1.500, -1.333, 0.000] : 5.231  [1.000, -1.000, -3.250] : 4.308  
[-2, 4, 3]    - [0.500, 1.000, 3.500] : 3.937  [-1.500, -1.333, 0.000] : 6.140  [1.000, -1.000, -3.250] : 8.548  
[3, -2, 4]    - [0.500, 1.000, 3.500] : 3.937  [-1.500, -1.333, 0.000] : 6.058  [1.000, -1.000, -3.250] : 7.587  
[2, -5, -4]   - [0.500, 1.000, 3.500] : 9.721  [-1.500, -1.333, 0.000] : 6.457  [1.000, -1.000, -3.250] : 4.191  
shluk 1 : [[-2, 4, 3], [3, -2, 4]]
shluk 2 : [[-3, -1, -3], [1, -3, 2], [-2, -2, 2], [0, -4, 3], [-3, 0, 0]]
shluk 3 : [[0, -1, -2], [1, 2, -4], [1, 0, -3], [-2, 2, -4], [2, -5, -4]]

 --------------- 
Iterace: 3 
 ---------------
Těžiště: [[0.500, 1.000, 3.500], [-1.400, -2.000, 0.800], [0.400, -0.400, -3.400]]
Vzdálenosti jednotlivých bodů od těžiště ([bod]- [těžiště]:vzdálenost,[[těžiště]:vzdálenost]],...):
[0, -1, -2]   - [0.500, 1.000, 3.500] : 5.874  [-1.400, -2.000, 0.800] : 3.286  [0.400, -0.400, -3.400] : 1.575  
[-3, -1, -3]  - [0.500, 1.000, 3.500] : 7.649  [-1.400, -2.000, 0.800] : 4.243  [0.400, -0.400, -3.400] : 3.476  
[1, -3, 2]    - [0.500, 1.000, 3.500] : 4.301  [-1.400, -2.000, 0.800] : 2.864  [0.400, -0.400, -3.400] : 6.023  
[-2, -2, 2]   - [0.500, 1.000, 3.500] : 4.183  [-1.400, -2.000, 0.800] : 1.342  [0.400, -0.400, -3.400] : 6.122  
[1, 2, -4]    - [0.500, 1.000, 3.500] : 7.583  [-1.400, -2.000, 0.800] : 6.693  [0.400, -0.400, -3.400] : 2.546  
[0, -4, 3]    - [0.500, 1.000, 3.500] : 5.050  [-1.400, -2.000, 0.800] : 3.286  [0.400, -0.400, -3.400] : 7.354  
[1, 0, -3]    - [0.500, 1.000, 3.500] : 6.595  [-1.400, -2.000, 0.800] : 4.919  [0.400, -0.400, -3.400] : 0.825  
[-3, 0, 0]    - [0.500, 1.000, 3.500] : 5.050  [-1.400, -2.000, 0.800] : 2.683  [0.400, -0.400, -3.400] : 4.825  
[-2, 2, -4]   - [0.500, 1.000, 3.500] : 7.969  [-1.400, -2.000, 0.800] : 6.277  [0.400, -0.400, -3.400] : 3.447  
[-2, 4, 3]    - [0.500, 1.000, 3.500] : 3.937  [-1.400, -2.000, 0.800] : 6.419  [0.400, -0.400, -3.400] : 8.129  
[3, -2, 4]    - [0.500, 1.000, 3.500] : 3.937  [-1.400, -2.000, 0.800] : 5.441  [0.400, -0.400, -3.400] : 8.005  
[2, -5, -4]   - [0.500, 1.000, 3.500] : 9.721  [-1.400, -2.000, 0.800] : 6.603  [0.400, -0.400, -3.400] : 4.907  
shluk 1 : [[-2, 4, 3], [3, -2, 4]]
shluk 2 : [[1, -3, 2], [-2, -2, 2], [0, -4, 3], [-3, 0, 0]]
shluk 3 : [[0, -1, -2], [-3, -1, -3], [1, 2, -4], [1, 0, -3], [-2, 2, -4], [2, -5, -4]]

 --------------- 
Iterace: 4 
 ---------------
Těžiště: [[0.500, 1.000, 3.500], [-1.000, -2.250, 1.750], [-0.167, -0.500, -3.333]]
Vzdálenosti jednotlivých bodů od těžiště ([bod]- [těžiště]:vzdálenost,[[těžiště]:vzdálenost]],...):
[0, -1, -2]   - [0.500, 1.000, 3.500] : 5.874  [-1.000, -2.250, 1.750] : 4.077  [-0.167, -0.500, -3.333] : 1.434  
[-3, -1, -3]  - [0.500, 1.000, 3.500] : 7.649  [-1.000, -2.250, 1.750] : 5.303  [-0.167, -0.500, -3.333] : 2.896  
[1, -3, 2]    - [0.500, 1.000, 3.500] : 4.301  [-1.000, -2.250, 1.750] : 2.151  [-0.167, -0.500, -3.333] : 6.005  
[-2, -2, 2]   - [0.500, 1.000, 3.500] : 4.183  [-1.000, -2.250, 1.750] : 1.061  [-0.167, -0.500, -3.333] : 5.836  
[1, 2, -4]    - [0.500, 1.000, 3.500] : 7.583  [-1.000, -2.250, 1.750] : 7.425  [-0.167, -0.500, -3.333] : 2.838  
[0, -4, 3]    - [0.500, 1.000, 3.500] : 5.050  [-1.000, -2.250, 1.750] : 2.372  [-0.167, -0.500, -3.333] : 7.238  
[1, 0, -3]    - [0.500, 1.000, 3.500] : 6.595  [-1.000, -2.250, 1.750] : 5.624  [-0.167, -0.500, -3.333] : 1.312  
[-3, 0, 0]    - [0.500, 1.000, 3.500] : 5.050  [-1.000, -2.250, 1.750] : 3.482  [-0.167, -0.500, -3.333] : 4.403  
[-2, 2, -4]   - [0.500, 1.000, 3.500] : 7.969  [-1.000, -2.250, 1.750] : 7.220  [-0.167, -0.500, -3.333] : 3.171  
[-2, 4, 3]    - [0.500, 1.000, 3.500] : 3.937  [-1.000, -2.250, 1.750] : 6.452  [-0.167, -0.500, -3.333] : 7.983  
[3, -2, 4]    - [0.500, 1.000, 3.500] : 3.937  [-1.000, -2.250, 1.750] : 4.596  [-0.167, -0.500, -3.333] : 8.127  
[2, -5, -4]   - [0.500, 1.000, 3.500] : 9.721  [-1.000, -2.250, 1.750] : 7.045  [-0.167, -0.500, -3.333] : 5.039  
shluk 1 : [[-2, 4, 3], [3, -2, 4]]
shluk 2 : [[1, -3, 2], [-2, -2, 2], [0, -4, 3], [-3, 0, 0]]
shluk 3 : [[0, -1, -2], [-3, -1, -3], [1, 2, -4], [1, 0, -3], [-2, 2, -4], [2, -5, -4]]

 --------------- 
Výsledky: 
 ---------------
Výsledná těžiště:  [[0.500, 1.000, 3.500], [-1.000, -2.250, 1.750], [-0.167, -0.500, -3.333]]
shluk 1 : [[-2, 4, 3], [3, -2, 4]]
shluk 2 : [[1, -3, 2], [-2, -2, 2], [0, -4, 3], [-3, 0, 0]]
shluk 3 : [[0, -1, -2], [-3, -1, -3], [1, 2, -4], [1, 0, -3], [-2, 2, -4], [2, -5, -4]]

